0   0   0   0   0   wg  0   0   0   wg  0   0   0   0   0
0   0   0   0   0   wg  0   0   0   wg  0   0   0   0   0
0   0   0   0   0   wg  0   nc  0   wg  0   0   0   0   0
0   0   0   0   0   wg  0   0   0   wg  0   0   0   0   0
0   0   0   0   0   wgf 0   0   0   wgf 0   0   0   0   0
0   0   0   0   0   wg  0   0   0   wg  0   0   0   0   0
0   0   0   0   0   wg  0   nc  0   wg  0   0   0   0   0
0   0   0   0   0   wg  0   0   0   wg  0   0   0   0   0
0   0   0   0   0   wg  0   0   0   wg  0   0   0   0   0
0   0   0   0   0   wg  wg  wgp wg  wg  0   0   0   0   0
0   0   0   0   0   0   0   0   0   0   0   0   0   0   0
0   0   0   0   0   0   0   0   0   0   0   0   0   0   0
0   0   0   0   0   0   0   0   0   0   0   0   0   0   0
0   0   0   0   0   0   0   0   0   0   0   0   0   0   0
0   0   0   0   0   0   0   0   0   0   0   0   0   0   0